100
6 9999999
5 360001
6 2050701
6 0029061
6 1111111
6 6897263
6 1111122
0 8
3 0091
6 5337095
3 6705
0 5
4 00001
4 00001
6 0000001
6 8042321
4 68001
6 9461748
6 1002022
6 0000001
4 30501
6 4000501
0 1
5 010524
6 8000006
1 31
3 0001
6 2201002
6 5202001
6 2021011
6 0004076
6 0070086
6 4200001
6 7002301
6 8205891
6 0112011
6 9000001
6 1201201
6 9646934
0 1
1 22
3 1222
1 09
6 2000011
4 11111
5 000001
3 1112
6 6770695
6 0224572
6 1400031
1 22
6 0000001
6 0000001
5 110011
5 111111
1 22
6 1112111
6 5000091
2 201
1 31
0 1
6 0960406
6 7040001
4 67308
4 70701
6 1112101
6 1000047
6 0000001
6 0820301
3 0001
6 0000051
2 901
6 0090004
4 50001
6 2021201
6 0070009
5 822151
4 20301
6 1050031
6 1996932
1 61
6 8001001
6 5243201
0 1
6 2102221
6 5000208
6 6600001
6 0000961
3 0001
2 878
6 4903926
6 0300042
4 00001
0 1
6 3004001
6 4155082
6 0010006
6 1002012
0 6
6 0014001
