100
5 206001
4 46623
6 1851189
6 9304478
2 461
6 1111111
6 8513776
6 8000001
6 2111201
6 0004001
4 07561
6 2000007
6 7100674
1 91
5 263001
6 0000006
6 4000003
0 1
6 0011922
4 61221
6 0000001
6 0500001
6 5161001
4 41158
5 000111
6 0400001
0 7
2 804
3 1222
6 8590091
1 21
2 005
1 01
6 0080071
6 0500261
0 1
2 002
4 04001
5 000001
6 0000201
6 0400001
6 1204001
6 2112112
6 0022011
6 0060001
2 689
6 7769034
6 9214233
5 120211
5 400001
0 1
6 1820001
4 30091
1 31
0 1
6 9010001
1 01
4 11111
1 21
5 000091
6 5078756
3 8005
6 7000001
6 2211221
6 4000801
0 5
6 0007001
6 6000601
6 9999999
4 05001
6 2069001
5 110011
3 9003
6 1210222
6 1111111
6 0020701
6 0030301
6 0700001
4 16848
6 2012211
6 1020121
4 50009
6 0000008
6 1202212
0 1
6 4000511
3 2012
3 1111
1 09
6 2017001
6 0204401
0 1
6 0002001
6 0000025
6 5480351
5 122112
0 1
6 0600061
6 2201212
2 573
